1 1 19941 3 12.01e-2 0.31e-2 87.85e-2 0.94e-2 0.1031e-2 0.0003e-2
1 2 21623 28 11.91e-2 0.13e-2 88e-2 0.93e-2 0 0
1 3 2758 18.485 0.080545761 0 0.59984818 0 0 0
2 1 19967 3 11.97e-2 0.38e-2 87.91e-2 0.91e-2 0.1029e-2 0.0006e-2
2 2 21570 28 11.98e-2 0.12e-2 88.09e-2 0.92e-2 0 0
2 3 2792 18.655 0.080545761 0 0.59984818 0 0 0
3 1 19891 4 11.95e-2 0.14e-2 88.02e-2 0.92e-2 0.1032e-2 0.0009e-2
3 2 21637 24 11.89e-2 0.13e-2 88.16e-2 0.92e-2 0 0
3 3 2725 18.320 0.080545761 0 0.59984818 0 0 0
4 1 19944 5 11.95e-2 0.13e-2 87.9e-2 0.92e-2 0.1034e-2 0.0005e-2
4 2 21500 24 11.93e-2 0.13e-2 88.08e-2 0.88e-2 0 0
4 3 2810 18.745 0.080545761 0 0.59984818 0 0 0
